$ANSIBLE_VAULT;1.1;AES256
35333761396537333239633739653834323864663035393734663937613239306666346561633838
3866626165393562346637326437666137306432366363660a633064386433646433336534333339
61653637633931336463316232363664356338616538396532316162363137626435393230303935
3339623039396431360a663533653566613563383766626439613031383435373238636662656430
33366631393335626133613263316565613136363837333862616632386261313433373538353032
33366331623161613862666634663735343632623534316434333530643432646663653633313134
34616166623339343164363037633463373832303139303031336336643761643962323539366335
37343266333033376430393835643864353563316330373730616532383039633336356136663133
31646663623562633638346437616663643031653662313236326164363665303935363762373135
33343465363935383832333732363236376536343764366137613831343965656563366531643030
38613630383661303132353838376433303437376332346234323663393335613833366135613939
36633633383430396366313737363865346637633165376661363533393266633430333137656565
61386164613861306162633634633635393362636539346633613133353637386461343163643165
34333138343266656339386433353739623663336665303039323032373662333935643533666264
39613436333562346439306631346331643035643433623332363937356331363130396434616665
31376131376630656461623666346564373332633961646137356231643934323138613032633335
63616439336234623865333531616437336363326564663337393463383862343332313065393466
39343234336537663364336263363937316330623065313865623330643038623138316438646436
37333132346134626463333264386237633763363636393462646530316566373232643039646135
34363061376231343038643461653666623861346138366531393963366134346535626531613636
35303766366562396536363037396164626237616266393031386531633735303063326531336335
61656638386332616130646165323235613632623136613234633364386664613635303236343065
35623834623262393739643839383530663864663237356530376565346637333863623030366466
63626438613161613261366566653631366638613639303731323763376361396135333066303764
65663436346133633635376330363537303930393231313031393535336364363663636237633730
65353139366432643561663663666638336231643132333233303634316363343736333765313338
31613166623536393435666665366237383030396338313863393962373838373362653234333339
32396437613334303834636563326238646263333131333730633932653562306530306438326661
36316330373736373961363666323665393265616465323434653735333661326463306437353731
31393266656561633239336330366362633761633164323466333062613966396335343636363666
38353763666365316131306166346336613161333162383733316365343836383432363762356231
66653164643264323064376563636663306162313531643730316639633333393865613366396162
38383932396534343236646164373363343133613761393838353164653737636632323434303239
63393966383835316266363734663266626664623234346638623437323965666462656537623638
33633031393131323664643230336538303366646332633861313631373061356661643938393339
37646632396632323730363765346566616630623331313037653338613263613165346366343964
39323032306534356462643866633235346237613464313035323164616132303332343865613338
61316534313937643333383066313665373532386630376132333438396235373361373737383937
62366532666630643331323334643739373831646636323033653135313531613361653265376539
30616431616434643131383435653637336436343061396633346463386338653931393832666534
64326137303133363632346237623061663439376339313266653333323730663735346337303839
61326463663566363433346463613663346335666139623764646430373533336434646133303864
38663438303138306330383439386630333264626133383664643533393665303761616538376335
62643035316666383663336432633436343135613164613662353331303330383530383533353763
39323561653166376165383530613130663663656334303966343036646363303461656238343036
31663363626233633639303262666361616433393465333739636639313265623763353532323564
34353736326537643262616263666636333130653839333237393164343662356238386662616663
61313337383137396539343831643334386230313963616530316334383062623337653766356439
65373332643239373431303264666433626661303134373837333937613030383633313437306334
64363065623938373938643031656266313539646133653235323363373962346435306663373466
37613266393066376239333266653730323063383835363636633536333234316639343963653861
31393836616363306436
